0 13
1 66
2 40
3 8
4 1
5 4
6 1
7 2
8 11
9 5168
10 0
11 0
12 6
13 0
14 4
15 22
16 0
17 1
18 17
19 0
20 2
21 0
22 8
23 0
24 0
25 2
26 16
27 16
28 16
29 3
30 2
31 0
32 1880738804
33 6301098
34 42377339
35 149714
36 347752
37 479493
38 321184
39 26161918
40 4712952
41 4754057
42 2437693
43 375983
44 160103624
45 42820746
46 110353787
47 5271149
48 12623708
49 16479864
50 10195941
51 8072067
52 7315508
53 7426099
54 6773345
55 6679598
56 10036884
57 6502687
58 7064356
59 15414558
60 48962
61 1570611
62 78089
63 6557940
64 81690
65 142636226
66 14447062
67 101486525
68 10551070
69 17833804
70 10325400
71 97240733
72 17412342
73 42893536
74 5128548
75 3639807
76 12180004
77 16706070
78 13040934
79 12425601
80 13837282
81 1150657
82 13172279
83 22849963
84 150026812
85 4681052
86 3511731
87 12214780
88 1104217
89 5645447
90 458773
91 3012922
92 60775
93 2985373
94 74000
95 14915953
96 87958
97 681755635
98 124642350
99 225090872
100 362647578
101 1101523847
102 201919392
103 166419019
104 519867699
105 578104177
106 9948086
107 60880954
108 344728409
109 206805002
110 604772086
111 670763446
112 151178484
113 8721266
114 530899596
115 539307568
116 787862409
117 247199803
118 83203308
119 179720101
120 14443727
121 161959217
122 5420591
123 223427
124 1909632
125 223323
126 285039
127 9
128 6
129 305
130 72
131 15
132 11
133 22
134 709
135 63
136 11
137 10
138 33
139 1
140 8
141 194
142 0
143 3
144 44
145 419
146 1622
147 1594
148 1446
149 37
150 590
151 2038
152 0
153 0
154 2
155 0
156 56
157 2039
158 0
159 0
160 431
161 132
162 6
163 362
164 992
165 0
166 2
167 62
168 1
169 3
170 251
171 75
172 174
173 1
174 0
175 11
176 2257
177 49
178 1
179 5
180 3920
181 2
182 3306
183 345
184 1627
185 1280
186 2242
187 58
188 1
189 151
190 0
191 3
192 19
193 15
194 19
195 13
196 31
197 0
198 197
199 26
200 9
201 115
202 3
203 5
204 0
205 6
206 2
207 1
208 0
209 13
210 0
211 5
212 11
213 0
214 36
215 45
216 0
217 5
218 71
219 13
220 4
221 282
222 738
223 639
224 837
225 2297
226 403
227 1
228 124
229 1
230 2263
231 130
232 960
233 5271
234 463
235 149
236 15
237 951
238 155
239 116
240 46
241 57
242 24
243 45
244 223
245 7
246 723
247 10
248 11
249 82
250 577
251 118
252 317
253 2
254 7681
255 6
