3992670690
3823185381
1358822685
561383553
789925284
170765737
878579710
3549516158
2438360421
2285257250
2557845021
4107320065
4142558326
1983958385
2805374267
3967425166
3216529513
1605979227
2807061239
665605494
3211410640
3832587122
4128781001
115061003
36027469
1251993226
457175121
1712592594
1282922662
3467278599
2819264555
2693349607
3478118423
3899507741
3745967032
2389708215
4143129887
3607425725
3108204897
216844123
2759410519
3462752292
3081439808
3997822959
2008322435
1563495164
1398375548
2967598725
1888259215
555401847
3133990731
3576360846
4269260147
1367318865
2907150443
3166259589
3396556834
2563106101
734071155
1562109000
115316741
3414372578
3437564012
2999953669
3881458747
3529943123
105983500
3863176590
2112038651
3572980304
2260248731
3908238630
2561372504
4187221984
223155947
2818012165
3844380234
3487468620
3127879446
441282060
3514786552
1020176958
2148440361
1629275282
3479737010
3003195986
412181689
2082823982
940383290
1783365911
1111189909
2743031559
2010498897
3261125695
1972992891
2394542592
3047321306
2978368172
764731833
3922418062
2282559898
105711275
720447390
3596512483
3302030624
1645853955
3986462144
1283211782
2617755330
27045809
645033211
1879294844
2102930668
3169416485
1620684232
1613878827
3644715326
2118490326
3913132821
60299841
1648617696
1071322885
1355044603
1490934504
2441234290
3421743225
806672318
4030394580
540485319
431739001
2953201477
3158530349
3434284690
4193765492
2463320776
3031756235
4179990930
4087798149
2723242812
3985074806
3815742245
1761069449
2127790188
1452106877
1510181478
3303295297
3067596078
1437303193
2164359083
355136501
969106112
3859278157
1052157192
3381577096
3405053074
3081491055
2126749327
1906923354
3930297376
3225056748
4060341106
2825651808
2290214998
1549183045
1084447443
1624884815
3096078946
2790147868
1578137479
238958340
2141678759
336121074
973132419
394720342
1518552864
3457899765
2795387149
280493396
1344036545
963444377
3301693612
653405445
3357964785
2923115646
3661070850
540989267
4079814104
1105344688
460948393
1881056675
3911535621
471018803
1443345944
1351050861
3549276905
1506381902
3857312851
3269083709
183460861
424562602
840933102
4000591640
1264873566
1400498956
2692943993
1832386187
370325431
1162565860
613944172
3384905689
2215458024
1947011609
2960698464
357495009
3679179868
302265918
2780397254
1416262262
2498033211
825085170
3054219744
3598603981
1084122149
264936599
3866156392
2380419980
1899636946
2450756277
88136285
1984748534
4121712641
4075188761
2801286848
1480792763
2204204058
3798679864
2930698362
1851303308
2102559962
4271258391
3979244988
3438136182
2215686751
4044286797
309924345
1629852533
2437429573
1741286320
2642449344
1232172618
4043910559
1935029058
1783972010
3286127166
1135761043
2490647935
418300465
1624026361
2086685050
2673158835
1995711804
3174722575
127815285
3922949730
2981898987
2285367569
3079264396
2224025742
3134516205
440608000
1779624091
522567719
64849027
2764656126
3904018577
1915402732
3390355801
327813294
709525036
655279818
1343405474
341484136
2623990096
3776871244
1565473870
693524886
670180617
3964042652
761514080
15372752
3727557757
3447148988
1245947128
1303665279
2513327347
1051211437
1949893127
3299440537
1765996621
3021431675
3790886053
3806098091
2975158269
3921913314
1199469928
967701765
276768688
1810257892
853081926
712372936
4001546918
905528427
3669678305
3607335649
4100554462
3931829821
224426417
2927413056
2488811917
1757744872
2063715761
954033906
93239338
3587586224
1604687648
3336059541
1778510733
3166874833
2593761813
3688097933
2885138786
4176904786
3602900751
1760762381
3348039576
2564155471
1720997873
3171584228
3412477070
1145508789
3835939704
3277631532
1127384629
3996479102
4248568786
3756759023
3664926103
498917949
3141670444
4154475618
1527142745
1301321155
3793699473
2615703048
3727855917
720511021
4104985614
3686911368
460640
3119831120
71043261
279677725
1348920633
2225216262
4274850418
2557591303
639281067
1966760226
718879255
2543658961
3258042105
1372049883
298627631
3521150572
3029985351
398310762
2015049547
759650918
43758068
947952771
3327843165
2036215091
3411067330
3940425646
642395885
4258613466
101806317
2595080734
3273038961
3953764563
960656101
1574689497
1126030478
33508944
1962239568
2813274947
1073427936
721782752
2440759312
2132271334
3637592465
3396477060
1623925134
3513115041
1857423542
1575236976
3576072149
552945899
1593999521
846610278
174174981
89746292
2382295891
2721050605
1938087865
2055648875
3115143975
912434565
1625432637
1140220788
3610617944
811143970
2015691247
3821705895
2416535123
3075811822
2839829555
294519077
1985313717
1055008810
2678500280
3952896259
952970048
880060219
3147623127
2000946011
1639312077
3277365240
836807993
2286495708
1164635244
2366621984
1070413440
1009878410
653432288
1185322018
3313024839
72353344
1096985033
1814353321
547794770
201855025
2856871194
254260443
1772983753
1370025378
2868040716
1902935314
2833877498
724053264
1311587135
1294191862
864251529
1930172227
953599236
2031868617
515270934
3024605756
159538447
3009225975
146594024
2549705311
989975113
4178723260
980771709
2844032859
2683970668
3770186311
3833521106
1779556671
3348906335
3427705270
3098609625
592610354
1333338912
1121528870
1559431420
974086014
842164850
2286863944
4017906680
2983780615
2412629158
1047873480
3510240438
837945592
1498574117
3393635726
3434746618
1741094651
447125268
1868658380
3058532813
2690297763
3940411295
2915497431
3451372884
1853078822
1404940282
1267778734
1095676970
4283305577
2126018144
847289233
1776445523
2396418803
1825090942
2032003531
319452394
381205371
2591543119
1342263852
3209198418
2571305513
3425563808
211433893
1638532265
1580474246
3423768221
550752900
2026354294
111638112
3098385849
3144412436
812662322
1130408257
1866574357
3055781500
3536768584
2909559945
3548813912
3524637391
814005730
3397343538
86338151
2601718803
3021472486
2164676813
1491513814
1849836861
1801755197
433110876
3298916730
2089610667
4135529821
1719682491
3833538811
2521881964
579572610
1907648012
3426545169
1004693486
2929556840
2723918367
2276559832
984545705
3719362901
1079974284
3235175910
4202928557
400302079
1918143867
1414931608
347410422
1771084307
514526207
4142959
1987617387
2566515941
3343571260
2931579494
1711520222
1573163894
2682130344
1702949622
3429294861
2041651973
2124075202
2495719198
160547497
588999481
3088967657
4292451183
2977883453
2178953777
1354897006
2117705357
3593068637
802620966
173509935
1271688334
2704121823
3429596085
93403756
1266063125
3185868408
2994114448
1704956016
1172350954
2231586125
3919279852
1993731194
1282216226
2895301279
3821918606
3652235497
4066141287
1357423467
725475056
1356459743
1543144843
718807479
2929929201
2940097750
3957348375
3514278914
622445323
785134127
428957220
148109301
1767820459
2190170913
4188131583
3342753619
178269220
2648107506
802790772
4038082307
2614638620
979084473
374601505
3362562066
1358447283
1766849363
2620513190
2981978125
864124734
1077175034
2971678051
2178954264
1050664857
1206713015
2922174191
938675914
2087086644
3967534556
1118816698
3342352034
1214360416
1113502069
3888885098
975494184
1184735316
3407646794
3612703333
760382473
843636258
1263297819
1419845011
3509710314
4065744397
1916417229
2173562032
3650057679
1732657895
4035476804
116228437
846654386
2670497645
3976804700
1491850467
1722974790
1188843640
2010420821
275113169
965626185
1436196327
3064904672
290811975
2751622636
16425009
3922013505
175955375
2127911124
1498749756
1024173844
394940745
2921731986
2234739032
2783036080
926638379
3301038422
4259175362
2653115328
1147560118
3036952272
2921299551
2878834592
2260209858
2077000456
1889455195
3925637780
2841358157
119588421
578897912
3880013364
3383785709
1915357098
592609723
2338805148
2718384882
83849641
917685718
3706011789
100396212
2726352741
2692660911
2146561355
2758072207
1650409235
2757812833
17726794
3713518488
3159331417
1448269017
1080942163
1765052801
4174179444
2621298790
396175000
4040890724
1998123968
653166887
2714414927
790523122
1661499663
663307416
678074049
3061557168
2055978614
3985657328
2311340607
1815427596
4088238531
2341518513
2938745925
1384650070
1966153525
690221371
1987258659
3020014968
769991114
3136392999
4230161074
4124906073
4289637301
1591244866
2807853213
3078196136
3483673582
4235100687
1397251456
475743070
264790787
3256566821
598287966
676689805
870455170
3506562723
171829122
2379869487
3026129860
2498426393
850955827
4020714661
1092855450
1865509381
3657729899
2100785262
2823311101
2861008559
3462814757
2706490835
1354379824
559225142
3468071103
1519748275
3802283817
2727834162
2944331726
3946885367
3422398059
391987555
3758771044
305295404
1363969908
1776877932
3647904789
926171764
3456913357
2232088624
2453762173
2398799480
456298883
2034526702
3242600435
927163707
3039319161
1028382187
772091340
930883697
3654881365
2816168724
3541668344
3635232183
3917730425
3996314134
3675513045
3437286022
923395581
2923695243
1450344945
890161878
169374654
3185404269
1009660271
2993182414
536320944
1639644478
1191576933
3651233836
1884291361
2268220245
3693374465
3835444758
1386936852
3524275670
4241482556
981737690
4145862553
3524553101
2986120991
595116787
2878835357
2072182117
155179385
639136466
3373510416
1925408299
2271410919
2860261262
2890267795
3388868456
1831232057
2843357534
171701312
3055922593
2771789963
3813603085
2442448106
608490745
3027662510
633808849
3022553978
1399862304
970080969
136897031
4229178509
2953919152
507268391
3284490530
882482931
1503278999
4093639150
2645732521
4013998561
4116725553
1455126077
1250061455
3995609422
2949261545
445950704
181368870
540758840
268451062
1895112437
3497815775
2676625764
1875261569
2610485979
1683921108
730220040
1420120971
1429711088
1965629715
640295681
3587810148
4115454477
2004757085
277499607
1809409561
502767456
2451788759
1978606792
3174221182
1598780861
236581418
4088775714
2680835457
2491028970
2667433799
575754675
4769714
247562302
2589407872
2813966382
172595034
3052317516
2515778660
1738338316
1925774973
2835766806
1519259921
3627715484
4009460344
4245047498
1147855480
4102241726
1208171646
3151072987
2168554610
1263451727
2778011109
3028494096
4168581151
2150598016
154084012
1440067362
1817629595
2248975734
2526781163
3849243457
3142637348
4024431617
753814322
1915024902
2192747376
3118766004
2148705968
3465881611
3834407795
841794349
1643609703
2346271762
2846978527
640197087
201054136
804643048
3226479448
1646250334
1583920782
245338277
4071751972
2913215967
1491320944
3812417315
2937298921
1477000070
3541779840
1105534435
2088440714
513587019
4227003173
1725984789
2593361542
1446447911
3262563836
349762215
2939976824
2706372510
4004697193
2416856692
4079297548
326268955
4252494914
321206744
541833247
3835022216
4194467737
47030557
